Савик 2004 241301 8 10 10 5 8.25
Сидорук 2004 241301 8 6 7 10 7.75
Драгун 2005 241301 7 7 7 8 7.25
Ганцевич 2003 241301 5 9 10 7 7.75
Ганцевич 2000 101304 10 10 10 6 9
Войтович 2003 241201 7 6 10 9 8
Данильчик 2002 243801 9 9 9 7 8.5
Гренчик 2000 101301 8 7 5 9 7.25
Деничик 2001 121301 7 5 9 7 7
Верчин 2002 141802 6 6 9 9 7.5
Сырин 241301 241301 8 10 7 4 7.25
Рудко 241301 6 8 3 10 5 6.5
Шопот 2004 241301 7 9 5 8 7.25
Эльф 200 200 8 9 9 9 8.75
Курт 2000 200200 7 9 9 9 8.5
Крсит 2004 4959 7 9 10 10 9
